1001000030010000    O16(D,LI6)C12  13 MEV  CHARLTON TEST CASE            
+37.    +00.    +05.                                                            
+15+01                                                                          
+00.10  -15.    +01.20  +01.20  +00.    +00.    +00.    +00.                    
+13.    +02.    +01.    +16.    +08.    +01.30                  +02.            
+01.    -80.    +01.    +00.7170+00.    +00.    +01.59  +00.6250+00.            
-02.    +00.    +01.    +00.7170+00.    +20.    +01.59  +00.6250+00.            
+00.3710+06.    +03.    +12.    +06.    +02.                    +02.            
+01.    -80.    +01.30  +00.80  +00.    +00.    +01.50  +00.70  +00.            
-02.    +00.    +01.30  +00.80  +00.    +20.    +01.50  +00.70  +00.            
-01.10  4.0     2.0     12.0    6.0     1.25                                    
-01.    -01.    +01.30  +00.70                                                  
+04.    0.0     0.0     0.0     +132.                                           
-01.47  +04.    +02.    +02.    +01.    +01.25                                  
-01.    -01.    +01.25  +00.65  +00.                                            
+01.    +00.    +00.    +00.    +73.6                                           
1001000030100000    48CA(D,T)47CA  +0.00  7/2-  22 MEV    ZERO RANGE  
+55.    +00.    +01.6667                                                        
+25+01                                                                          
+00.10  -15.    +01.30  +01.30                  +02.    +02.                    
+22.    +02.    +01.    +48.    +20.    +01.30                  +02.            
+04.    -12.    +01.02  +00.86  +00.                                            
+01.    -105.   +01.02  +00.86  +00.                                            
-02.                                    +60.    +01.42  +00.65  +00.            
-03.70  +03.    +01.    +47.    +20.    +01.40                  +01.            
-01.    -169.4  +01.139 +00.86  +00.    -17.70  +01.60  +00.769 +00.            
-09.95  +01.    +00.    +47.    +20.    +01.25                                  
-01.    -01.    +01.25  +00.65  +25.                                            
+00.    +03.    +07.    +01.    +51.09                                          
+00.        0.00    1.00    1.00                                                
1001000030200000    48CA(D,T)47CA  +0.00  7/2-  22 MEV  FINITE RANGE
+55.    +00.    +01.6667                                                        
+25+01                                                                          
+00.10  -15.    +01.30  +01.30                  +02.    +02.                    
+22.    +02.    +01.    +48.    +20.    +01.30                  +02.            
+04.    -12.    +01.02  +00.86  +00.                                            
+01.    -105.   +01.02  +00.86  +00.                                            
-02.                                    +60.    +01.42  +00.65  +00.            
-03.70  +03.    +01.    +47.    +20.    +01.40                  +01.            
-01.    -169.4  +01.139 +00.86  +00.    -17.70  +01.60  +00.769 +00.            
-09.95  +01.    +00.    +47.    +20.    +01.25                                  
-01.    -01.    +01.25  +00.65  +25.                                            
+00.    +03.    +07.    +01.    +51.09                                          
+200.       0.00    1.00    1.00     .05  REID SOFT CORE TRITON  L=0            
   -.1450597E+03   -.1454652E+03   -.1458229E+03   -.1454744E+03   -.1436472E+03
   -.1397404E+03   -.1369575E+03   -.1344620E+03   -.1307691E+03   -.1257614E+03
   -.1195295E+03   -.1139522E+03   -.1083315E+03   -.1026747E+03   -.9717356E+02
   -.9197662E+02   -.8666274E+02   -.8037287E+02   -.7434939E+02   -.6874148E+02
   -.6364740E+02   -.5909902E+02   -.5438501E+02   -.4918717E+02   -.4434283E+02
   -.3990217E+02   -.3587899E+02   -.3224461E+02   -.2834190E+02   -.2462571E+02
   -.2120453E+02   -.1807466E+02   -.1520145E+02   -.1233583E+02   -.9705306E+01
   -.7312000E+01   -.5142396E+01   -.3176645E+01   -.1382693E+01    .2737395E+00
    .1778566E+01    .3129775E+01    .4322950E+01    .5360209E+01    .6308995E+01
    .7187091E+01    .7944754E+01    .8580045E+01    .9093162E+01    .9486599E+01
    .9765304E+01    .9970147E+01    .1025456E+02    .1046707E+02    .1060660E+02
    .1067282E+02    .1066612E+02    .1058775E+02    .1043979E+02    .1022524E+02
    .9948052E+01    .9613163E+01    .9362980E+01    .9076494E+01    .8754099E+01
    .8397602E+01    .8009165E+01    .7591317E+01    .7146974E+01    .6679446E+01
    .6192454E+01    .5690145E+01    .5177103E+01    .4658365E+01    .4220052E+01
    .3882512E+01    .3561036E+01    .3256248E+01    .2968656E+01    .2698647E+01
    .2446482E+01    .2212286E+01    .1996045E+01    .1797600E+01    .1616640E+01
    .1452695E+01    .1305130E+01    .1173142E+01    .1044055E+01    .8824925E+00
    .7318243E+00    .5921942E+00    .4636890E+00    .3463372E+00    .2401063E+00
    .1449006E+00    .6055950E-01   -.1314558E-01   -.7651287E-01   -.1299127E+00
   -.1737898E+00   -.2086653E+00   -.2351395E+00   -.2538936E+00   -.2949500E+00
   -.3354606E+00   -.3705680E+00   -.4003311E+00   -.4248327E+00   -.4441802E+00
   -.4585067E+00   -.4679712E+00   -.4727599E+00   -.4730863E+00   -.4691924E+00
   -.4613492E+00   -.4498573E+00   -.4350480E+00   -.4172835E+00   -.3989660E+00
   -.3917086E+00   -.3827938E+00   -.3723056E+00   -.3603366E+00   -.3469885E+00
   -.3323724E+00   -.3166084E+00   -.2998268E+00   -.2821671E+00   -.2637794E+00
   -.2448236E+00   -.2254702E+00   -.2059003E+00   -.1863058E+00   -.1668896E+00
   -.1543552E+00   -.1442357E+00   -.1347055E+00   -.1257546E+00   -.1173709E+00
   -.1095400E+00   -.1022455E+00   -.9546878E-01   -.8918869E-01   -.8338191E-01
   -.7802270E-01   -.7308285E-01   -.6853168E-01   -.6433597E-01   -.5999183E-01
   -.5549374E-01   -.5127849E-01   -.4733680E-01   -.4365833E-01   -.4023165E-01
   -.3704425E-01   -.3408247E-01   -.3133153E-01   -.2877547E-01   -.2639715E-01
   -.2417824E-01   -.2209916E-01   -.1971597E-01   -.1745456E-01   -.1531549E-01
   -.1329742E-01   -.1139872E-01   -.9617485E-02   -.7951528E-02   -.6398362E-02
   -.4955202E-02   -.3618960E-02   -.2390272E-02   -.1261701E-02   -.2278448E-03
    .7161214E-03    .1575371E-02    .2355435E-02    .3062205E-02    .3725827E-02
    .4345281E-02    .4884677E-02    .5339396E-02   0.              0.           
   0.              0.              0.              0.              0.           
   0.              0.              0.              0.              0.           
   0.              0.              0.              0.              0.           
1001000051200000    12C(P,D) 700 MEV   P3/2 D1P1
55.0    0.0     0.833333                    
+40+02                                      
+00.03  -12.    +01.40  +01.40  +00.30  +00.30                
700.0   1.0     1.0     12.0    6.0     0.960                   1.0             
-1.0    +20.0   0.96    0.41            -67.0   0.96    0.41                    
-16.500 2.0     1.0     11.0    6.0     0.960                   2.0             
-1.0    -8.0    0.96    0.41            -72.0   0.96    0.41                    
-20.40471.0     0.0     11.0    6.0     0.960                   1.0             
-1.0    -1.0    1.36    0.55    30.0                                            
0.0     1.0     3.0     1.0     56.0                                            
+400.   0.0     1.0     1.0               REID SOFT CORE DEUTERON L=0
  -1.2485295E+02  -1.2432747E+02  -1.2345849E+02  -1.2225587E+02  -1.2073277E+02
  -1.1890501E+02  -1.1679051E+02  -1.1440858E+02  -1.1177939E+02  -1.0892348E+02
  -1.0586135E+02  -1.0261318E+02  -9.9198676E+01  -9.5636973E+01  -9.1946568E+01
  -8.8145330E+01  -8.4250501E+01  -8.0278694E+01  -7.6245856E+01  -7.2167224E+01
  -6.8057268E+01  -6.3929657E+01  -5.9797217E+01  -5.5671884E+01  -5.1564667E+01
  -4.7486346E+01  -4.3445532E+01  -3.9451709E+01  -3.5513011E+01  -3.1636959E+01
  -2.7830557E+01  -2.4100366E+01  -2.0452563E+01  -1.6887376E+01  -1.3420502E+01
  -1.0053428E+01  -6.7904970E+00  -3.6354232E+00  -5.9129861E-01   2.3393867E+00
   5.1559215E+00   7.8674707E+00   1.0460003E+01   1.2932184E+01   1.5283225E+01
   1.7512881E+01   1.9621428E+01   2.1609637E+01   2.3478726E+01   2.5230319E+01
   2.6866388E+01   2.8389191E+01   2.9801218E+01   3.1105129E+01   3.2303705E+01
   3.3399795E+01   3.4396279E+01   3.5370705E+01   3.6207421E+01   3.6947788E+01
   3.7594025E+01   3.8148577E+01   3.8614116E+01   3.8993533E+01   3.9289935E+01
   3.9506623E+01   3.9647078E+01   3.9714934E+01   3.9713953E+01   3.9647990E+01
   3.9520967E+01   3.9336833E+01   3.9099532E+01   3.8812965E+01   3.8480962E+01
   3.8107245E+01   3.7695402E+01   3.7248860E+01   3.6770864E+01   3.6264458E+01
   3.6018571E+01   3.5541737E+01   3.5034584E+01   3.4498380E+01   3.3934431E+01
   3.3344098E+01   3.2728804E+01   3.2090037E+01   3.1429361E+01   3.0748412E+01
   3.0048899E+01   2.9332605E+01   2.8601378E+01   2.7857127E+01   2.7101812E+01
   2.6337435E+01   2.5566029E+01   2.4789643E+01   2.4010329E+01   2.3230129E+01
   2.2451058E+01   2.1675090E+01   2.0904142E+01   2.0140058E+01   1.9384599E+01
   1.8639424E+01   1.7906078E+01   1.7185987E+01   1.6480439E+01   1.5790582E+01
   1.5117413E+01   1.4461776E+01   1.3824359E+01   1.3205687E+01   1.2606132E+01
   1.2025905E+01   1.1465070E+01   1.0923542E+01   1.0401099E+01   9.8973916E+00
   9.4119500E+00   8.9441991E+00   8.4934701E+00   8.0590144E+00   7.6400177E+00
   7.2356147E+00   6.8449046E+00   6.4669657E+00   6.1008702E+00   5.7456985E+00
   5.4005532E+00   5.0645719E+00   4.7369390E+00   4.4168968E+00   4.1037549E+00
   3.7968983E+00   3.4957945E+00   3.1999983E+00   2.9091554E+00   2.6230048E+00
   2.3413787E+00   2.0642015E+00   1.7914875E+00   1.5233359E+00   1.2599262E+00
   1.0015108E+00   7.4840765E-01   5.0099114E-01   2.5968261E-01   2.4940109E-02
  -2.0275233E-01  -4.2289566E-01  -6.3498689E-01  -8.3853015E-01  -1.0330474E+00
  -1.2180888E+00  -1.3932424E+00  -1.5581433E+00  -1.7124818E+00  -1.8560105E+00
  -1.9885503E+00  -2.1099956E+00  -2.2203180E+00  -2.3195683E+00  -2.4078781E+00
  -2.4854594E+00  -2.5526031E+00  -2.6096763E+00  -2.6571184E+00  -2.6954359E+00
  -2.7251967E+00  -2.7470225E+00  -2.7615815E+00  -2.7695797E+00  -2.7717516E+00
  -2.7688514E+00  -2.7616428E+00  -2.7508891E+00  -2.7373442E+00  -2.7217425E+00
  -2.7047899E+00  -2.6871552E+00  -2.6694623E+00  -2.6522824E+00  -2.6361282E+00
  -2.6214478E+00  -2.6086206E+00  -2.5979540E+00  -2.5896806E+00  -2.5839574E+00
  -2.5808659E+00  -2.5804127E+00  -2.5825324E+00  -2.5870903E+00  -2.5938870E+00
  -2.6026634E+00  -2.6131068E+00  -2.6248578E+00  -2.6375174E+00  -2.6506552E+00
  -2.6638172E+00  -2.6765347E+00  -2.6883328E+00  -2.6987386E+00  -2.7072903E+00
  -2.7135446E+00  -2.7170849E+00  -2.7175282E+00  -2.7145318E+00  -2.7077993E+00
  -2.6970851E+00  -2.6821992E+00  -2.6630098E+00  -2.6394461E+00  -2.6114992E+00
  -2.5792224E+00  -2.5427304E+00  -2.5021977E+00  -2.4578560E+00  -2.4099902E+00
  -2.3589346E+00  -2.3050671E+00  -2.2488040E+00  -2.1905933E+00  -2.1309080E+00
  -2.0702388E+00  -2.0090867E+00  -1.9479557E+00  -1.8873449E+00  -1.8277416E+00
  -1.7696134E+00  -1.7134024E+00  -1.6595176E+00  -1.6083302E+00  -1.5601677E+00
  -1.5153096E+00  -1.4739839E+00  -1.4363638E+00  -1.4025660E+00  -1.3726493E+00
  -1.3466147E+00  -1.3244054E+00  -1.3059093E+00  -1.2909602E+00  -1.2793422E+00
  -1.2707923E+00  -1.2650064E+00  -1.2616432E+00  -1.2603307E+00  -1.2606724E+00
  -1.2622533E+00  -1.2646468E+00  -1.2674216E+00  -1.2701486E+00  -1.2724074E+00
  -1.2737931E+00  -1.2739222E+00  -1.2724388E+00  -1.2690198E+00  -1.2633798E+00
  -1.2552752E+00  -1.2445077E+00  -1.2309272E+00  -1.2144334E+00  -1.1949776E+00
  -1.1725625E+00  -1.1472421E+00  -1.1191203E+00  -1.0883489E+00  -1.0551250E+00
  -1.0196874E+00  -9.8231274E-01  -9.4331057E-01  -9.0301853E-01  -8.6179676E-01
  -8.2002203E-01  -7.7808177E-01  -7.3636790E-01  -6.9527060E-01  -6.5517226E-01
  -6.1644146E-01  -5.7942733E-01  -5.4445417E-01  -5.1181651E-01  -4.8177470E-01
  -4.5455105E-01  -4.3032651E-01  -4.0923819E-01  -3.9137739E-01  -3.7678848E-01
  -3.6546847E-01  -3.5736733E-01  -3.5238907E-01  -3.5039344E-01  -3.5119841E-01
  -3.5458325E-01  -3.6029214E-01  -3.6803837E-01  -3.7750897E-01  -3.8836970E-01
  -4.0027037E-01  -4.1285034E-01  -4.2574417E-01  -4.3858729E-01  -4.5102165E-01
  -4.6270118E-01  -4.7329709E-01  -4.8250281E-01  -4.9003857E-01  -4.9565558E-01
  -4.9913960E-01  -5.0031406E-01  -4.9904249E-01  -4.9523037E-01  -4.8882625E-01
  -4.7982226E-01  -4.6825389E-01  -4.5419913E-01  -4.3777693E-01  -4.1914501E-01
  -3.9849718E-01  -3.7605997E-01  -3.5208891E-01  -3.2686425E-01  -3.0068646E-01
  -2.7387133E-01  -2.4674494E-01  -2.1963841E-01  -1.9288274E-01  -1.6680354E-01
  -1.4171596E-01  -1.1791983E-01  -9.5694981E-02  -7.5297007E-02  -5.6953357E-02
  -4.0859925E-02  -2.7178146E-02  -1.6032642E-02  -7.5094618E-03  -1.6549286E-03
   1.5248839E-03   2.0640452E-03   3.6036217E-05  -4.4475923E-03  -1.1239148E-02
  -2.0157277E-02  -3.0989955E-02  -4.3497940E-02  -5.7418627E-02  -7.2470249E-02
  -8.8356349E-02  -1.0477046E-01  -1.2140092E-01  -1.3793571E-01  -1.5406733E-01
  -1.6949750E-01  -1.8394178E-01  -1.9713385E-01  -2.0882960E-01  -2.1881072E-01
  -2.2688799E-01  -2.3290401E-01  -2.3673549E-01  -2.3829493E-01  -2.3753177E-01
  -2.3443297E-01  -2.2902297E-01  -2.2136310E-01  -2.1155038E-01  -1.9971581E-01
  -1.8602211E-01  -1.7066103E-01  -1.5385010E-01  -1.3582917E-01  -1.1685649E-01
  -9.7204567E-02  -7.7155817E-02  -5.6998108E-02  -3.7020213E-02  -1.7507285E-02
   1.2635858E-03   1.9027664E-02   3.5536656E-02   5.0562503E-02   6.3900855E-02
   7.5374145E-02   8.4834236E-02   9.2164593E-02   9.7281949E-02   1.0013745E-01
   1.0071725E-01   9.9042575E-02   9.5169193E-02   8.9186417E-02   8.1215535E-02
   7.1407774E-02   5.9941802E-02   4.7020813E-02   3.2869247E-02   1.7729197E-02
-20.40471.0     0.0     11.0    6.0     0.960                                   
-1.0    -1.0    1.36    0.55    30.0                                            
0.0     1.0     3.0     1.0     56.0                                            
+400.   2.0     3.0     1.0               REID SOFT CORE DEUTERON L=2
   6.0780560E+01   6.0447314E+01   5.9900534E+01   5.9152590E+01   5.8219730E+01
   5.7121157E+01   5.5878033E+01   5.4512492E+01   5.3046747E+01   5.1502334E+01
   4.9899525E+01   4.8256911E+01   4.6591155E+01   4.4916872E+01   4.3246631E+01
   4.1591036E+01   3.9958859E+01   3.8357218E+01   3.6791760E+01   3.5266848E+01
   3.3785745E+01   3.2350775E+01   3.0963473E+01   2.9624717E+01   2.8334838E+01
   2.7094737E+01   2.5902986E+01   2.4758166E+01   2.3659279E+01   2.2605230E+01
   2.1594835E+01   2.0626837E+01   1.9699910E+01   1.8817310E+01   1.7972460E+01
   1.7162859E+01   1.6387005E+01   1.5643553E+01   1.4931286E+01   1.4249098E+01
   1.3600720E+01   1.2984030E+01   1.2392658E+01   1.1825422E+01   1.1281295E+01
   1.0759390E+01   1.0258935E+01   9.7792456E+00   9.3197051E+00   8.8797382E+00
   8.4587919E+00   8.0563181E+00   7.6717595E+00   7.3045401E+00   6.9540594E+00
   6.6196905E+00   6.3007813E+00   6.0341696E+00   5.7522441E+00   5.4811807E+00
   5.2204069E+00   4.9694364E+00   4.7278612E+00   4.4953424E+00   4.2716011E+00
   4.0564085E+00   3.8495769E+00   3.6509497E+00   3.4603927E+00   3.2777858E+00
   3.1030157E+00   2.9359685E+00   2.7765244E+00   2.6245527E+00   2.4799081E+00
   2.3424282E+00   2.2119310E+00   2.0882152E+00   1.9710596E+00   1.8602242E+00
   1.8233191E+00   1.7327055E+00   1.6453947E+00   1.5611683E+00   1.4798391E+00
   1.4012489E+00   1.3252665E+00   1.2517854E+00   1.1807210E+00   1.1120084E+00
   1.0455999E+00   9.8146250E-01   9.1957541E-01   8.5992766E-01   8.0251592E-01
   7.4734224E-01   6.9441206E-01   6.4373229E-01   5.9530954E-01   5.4914863E-01
   5.0525113E-01   4.6361416E-01   4.2422941E-01   3.8708228E-01   3.5215120E-01
   3.1940725E-01   2.8881379E-01   2.6032640E-01   2.3389288E-01   2.0945350E-01
   1.8694125E-01   1.6628238E-01   1.4739691E-01   1.3019929E-01   1.1459917E-01
   1.0050217E-01   8.7810759E-02   7.6425125E-02   6.6244079E-02   5.7165968E-02
   4.9089568E-02   4.1914961E-02   3.5544374E-02   2.9882966E-02   2.4839573E-02
   2.0327374E-02   1.6264491E-02   1.2574515E-02   9.1869411E-03   6.0375232E-03
   3.0685404E-03  -2.2897417E-04  -2.5254021E-03  -5.2320188E-03  -7.9215884E-03
  -1.0618263E-02  -1.3339867E-02  -1.6098191E-02  -1.8899358E-02  -2.1744235E-02
  -2.4628892E-02  -2.7545104E-02  -3.0480881E-02  -3.3421018E-02  -3.6347661E-02
  -3.9240879E-02  -4.2079231E-02  -4.4840323E-02  -4.7501353E-02  -5.0039622E-02
  -5.2433027E-02  -5.4660505E-02  -5.6702451E-02  -5.8541074E-02  -6.0160725E-02
  -6.1548159E-02  -6.2692753E-02  -6.3586667E-02  -6.4224958E-02  -6.4605633E-02
  -6.4729661E-02  -6.4600926E-02  -6.4226142E-02  -6.3614720E-02  -6.2778600E-02
  -6.1732039E-02  -6.0491378E-02  -5.9074779E-02  -5.7501940E-02  -5.5793793E-02
  -5.3972193E-02  -5.2059605E-02  -5.0078779E-02  -4.8052442E-02  -4.6002989E-02
  -4.3952191E-02  -4.1920922E-02  -3.9928900E-02  -3.7994461E-02  -3.6134347E-02
  -3.4363538E-02  -3.2695100E-02  -3.1140075E-02  -2.9707398E-02  -2.8403847E-02
  -2.7234031E-02  -2.6200401E-02  -2.5303298E-02  -2.4541030E-02  -2.3909969E-02
  -2.3404684E-02  -2.3018086E-02  -2.2741596E-02  -2.2565333E-02  -2.2478310E-02
  -2.2468640E-02  -2.2523753E-02  -2.2630609E-02  -2.2775920E-02  -2.2946360E-02
  -2.3128773E-02  -2.3310373E-02  -2.3478927E-02  -2.3622929E-02  -2.3731755E-02
  -2.3795801E-02  -2.3806599E-02  -2.3756914E-02  -2.3640821E-02  -2.3453754E-02
  -2.3192541E-02  -2.2855410E-02  -2.2441974E-02  -2.1953202E-02  -2.1391360E-02
  -2.0759942E-02  -2.0063580E-02  -1.9307944E-02  -1.8499618E-02  -1.7645980E-02
  -1.6755063E-02  -1.5835412E-02  -1.4895938E-02  -1.3945770E-02  -1.2994110E-02
  -1.2050083E-02  -1.1122603E-02  -1.0220237E-02  -9.3510798E-03  -8.5226423E-03
  -7.7417489E-03  -7.0144480E-03  -6.3459370E-03  -5.7405026E-03  -5.2014757E-03
  -4.7312020E-03  -4.3310290E-03  -4.0013077E-03  -3.7414097E-03  -3.5497591 -03
  -3.4238771E-03  -3.3604405E-03  -3.3553504E-03  -3.4038118E-03  -3.5004216E-03
  -3.6392636E-03  -3.8140094E-03  -4.0180224E-03  -4.2444653E-03  -4.4864067E-03
  -4.7369274E-03  -4.9892242E-03  -5.2367085E-03  -5.4731010E-03  -5.6925174E-03
  -5.8895482E-03  -6.0593279E-03  -6.1975954E-03  -6.3007427E-03  -6.3658538E-03
  -6.3907317E-03  -6.3739132E-03  -6.3146733E-03  -6.2130178E-03  -6.0696647E-03
  -5.8860157E-03  -5.6641175E-03  -5.4066148E-03  -5.1166943E-03  -4.7980227E-03
  -4.4546782E-03  -4.0910774E-03  -3.7118986E-03  -3.3220034E-03  -2.9263560E-03
  -2.5299441E-03  -2.1377004E-03  -1.7544269E-03  -1.3847224E-03  -1.0329158E-03
  -7.0300361E-04  -3.9859491E-04  -1.2286300E-04   1.2149523E-04   3.3229165E-04
   5.0787085E-04   6.4712536E-04   7.4950222E-04   8.1500085E-04   8.4416253E-04
   8.3805176E-04   7.9822999E-04   7.2672229E-04   6.2597751E-04   4.9882285E-04
   3.4841343E-04   1.7817792E-04  -8.2389817E-06  -2.0703621E-04  -4.1431728E-04
  -6.2615139E-04  -8.3863400E-04  -1.0479457E-03  -1.2504086E-03  -1.4425398E-03
  -1.6211003E-03  -1.7831397E-03  -1.9260352E-03  -2.0475254E-03  -2.1457376E-03
  -2.2192082E-03  -2.2668975E-03  -2.2881967E-03  -2.2829287E-03  -2.2513425E-03
  -2.1941003E-03  -2.1122596E-03  -2.0072489E-03  -1.8808384E-03  -1.7351059E-03
  -1.5723989E-03  -1.3952931E-03  -1.2065478E-03  -1.0090604E-03  -8.0581834E-04
  -5.9985138E-04  -3.9418398E-04  -1.9178840E-04   4.4602901E-06   1.9182703E-04
   3.6775657E-04   5.2990981E-04   6.7619619E-04   8.0480164E-04   9.1421177E-04
   1.0032301E-03   1.0709910E-03   1.1169673E-03   1.1409728E-03   1.1431590E-03
   1.1240074E-03   1.0843159E-03   1.0251818E-03   9.4797941E-04   8.5433412E-04
   7.4609348E-04   6.2529480E-04   4.9413069E-04   3.5491268E-04   2.1003374E-04
   6.1930031E-05  -8.6957171E-05  -2.3421915E-04  -3.7751621E-04  -5.1461246E-04
  -6.4340845E-04  -7.6197116E-04  -8.6856091E-04  -9.6165486E-04  -1.0399668E-03
  -1.1024630E-03  -1.1483737E-03  -1.1772010E-03  -1.1887213E-03  -1.1829849E-03
  -1.1603099E-03  -1.1212736E-03  -1.0666986E-03  -9.9763676E-04  -9.1534852E-04
  -8.2128045E-04  -7.1703969E-04  -6.0436657E-04  -4.8510554E-04  -3.6117499E-04
  -2.3453640E-04  -1.0716336E-04   1.8989163E-05   1.4201473E-04   2.6008414E-04
   3.7147250E-04   4.7458426E-04   5.6797584E-04   6.5037560E-04   7.2070081E-04
   7.7807149E-04   8.2182088E-04   8.5150247E-04   8.6689353E-04   8.6799515E-04
   8.5502880E-04   8.2842961E-04   7.8883636E-04   7.3707859E-04   6.7416090E-04
   6.0124481E-04   5.1962848E-04   4.3072461E-04   3.3603695E-04   2.3713572E-04
1021000030200000    27AL(D,3HE)26MG  12 MEV  5/2+ 1.81 MEV                      
+55.    +00.    +03.3334                                                        
+15+02  +01.00  +01.00                                        
+00.10  -15.    +01.20  +01.20                                                  
+12.    +02.    +01.    +27.    +13.    +01.30                  +02.            
+01.    -101.1  +01.115 +00.823 +00.    +00.    +01.545 +00.465 +00.            
+04.    -19.56  +01.115 +00.823  00.    +00.    +01.545 +00.465 +00.            
-02.    +00.    +01.115 +00.823 +00.    +82.40  +01.545 +00.465 +00.            
-04.59  +03.    +02.    +26.    +12.    +01.40                  +01.            
-01.    -143.   +01.30  +00.670 +00.    -18.    +01.630 +00.48  +00.            
-10.08  +01.    +01.    +26.    +12.    +01.25                                  
-01.    -01.    +01.20  +00.70  +25.                                            
+00.    +02.    +05.    +01.    +50.                                            
+200.       0.00    1.00    1.00     .05  REID SOFT CORE TRITON L=0
   -.1450597E+03   -.1454652E+03   -.1458229E+03   -.1454744E+03   -.1436472E+03
   -.1397404E+03   -.1369575E+03   -.1344620E+03   -.1307691E+03   -.1257614E+03
   -.1195295E+03   -.1139522E+03   -.1083315E+03   -.1026747E+03   -.9717356E+02
   -.9197662E+02   -.8666274E+02   -.8037287E+02   -.7434939E+02   -.6874148E+02
   -.6364740E+02   -.5909902E+02   -.5438501E+02   -.4918717E+02   -.4434283E+02
   -.3990217E+02   -.3587899E+02   -.3224461E+02   -.2834190E+02   -.2462571E+02
   -.2120453E+02   -.1807466E+02   -.1520145E+02   -.1233583E+02   -.9705306E+01
   -.7312000E+01   -.5142396E+01   -.3176645E+01   -.1382693E+01    .2737395E+00
    .1778566E+01    .3129775E+01    .4322950E+01    .5360209E+01    .6308995E+01
    .7187091E+01    .7944754E+01    .8580045E+01    .9093162E+01    .9486599E+01
    .9765304E+01    .9970147E+01    .1025456E+02    .1046707E+02    .1060660E+02
    .1067282E+02    .1066612E+02    .1058775E+02    .1043979E+02    .1022524E+02
    .9948052E+01    .9613163E+01    .9362980E+01    .9076494E+01    .8754099E+01
    .8397602E+01    .8009165E+01    .7591317E+01    .7146974E+01    .6679446E+01
    .6192454E+01    .5690145E+01    .5177103E+01    .4658365E+01    .4220052E+01
    .3882512E+01    .3561036E+01    .3256248E+01    .2968656E+01    .2698647E+01
    .2446482E+01    .2212286E+01    .1996045E+01    .1797600E+01    .1616640E+01
    .1452695E+01    .1305130E+01    .1173142E+01    .1044055E+01    .8824925E+00
    .7318243E+00    .5921942E+00    .4636890E+00    .3463372E+00    .2401063E+00
    .1449006E+00    .6055950E-01   -.1314558E-01   -.7651287E-01   -.1299127E+00
   -.1737898E+00   -.2086653E+00   -.2351395E+00   -.2538936E+00   -.2949500E+00
   -.3354606E+00   -.3705680E+00   -.4003311E+00   -.4248327E+00   -.4441802E+00
   -.4585067E+00   -.4679712E+00   -.4727599E+00   -.4730863E+00   -.4691924E+00
   -.4613492E+00   -.4498573E+00   -.4350480E+00   -.4172835E+00   -.3989660E+00
   -.3917086E+00   -.3827938E+00   -.3723056E+00   -.3603366E+00   -.3469885E+00
   -.3323724E+00   -.3166084E+00   -.2998268E+00   -.2821671E+00   -.2637794E+00
   -.2448236E+00   -.2254702E+00   -.2059003E+00   -.1863058E+00   -.1668896E+00
   -.1543552E+00   -.1442357E+00   -.1347055E+00   -.1257546E+00   -.1173709E+00
   -.1095400E+00   -.1022455E+00   -.9546878E-01   -.8918869E-01   -.8338191E-01
   -.7802270E-01   -.7308285E-01   -.6853168E-01   -.6433597E-01   -.5999183E-01
   -.5549374E-01   -.5127849E-01   -.4733680E-01   -.4365833E-01   -.4023165E-01
   -.3704425E-01   -.3408247E-01   -.3133153E-01   -.2877547E-01   -.2639715E-01
   -.2417824E-01   -.2209916E-01   -.1971597E-01   -.1745456E-01   -.1531549E-01
   -.1329742E-01   -.1139872E-01   -.9617485E-02   -.7951528E-02   -.6398362E-02
   -.4955202E-02   -.3618960E-02   -.2390272E-02   -.1261701E-02   -.2278448E-03
    .7161214E-03    .1575371E-02    .2355435E-02    .3062205E-02    .3725827E-02
    .4345281E-02    .4884677E-02    .5339396E-02   0.              0.           
   0.              0.              0.              0.              0.           
   0.              0.              0.              0.              0.           
   0.              0.              0.              0.              0.           
-10.08  +01.    +01.    +26.    +12.    +01.25                                  
-01.    -01.    +01.20  +00.70  +25.                                            
+00.    +02.    +05.    +01.    +50.                                            
+200.       2.00    3.00    1.00     .05  REID SOFT CORE TRITON L=2
    .3339776E+02    .3362040E+02    .3375184E+02    .3343899E+02    .3262441E+02
    .3119655E+02    .3022795E+02    .2951499E+02    .2863281E+02    .2756003E+02
    .2630994E+02    .2507052E+02    .2379991E+02    .2252237E+02    .2127576E+02
    .2008598E+02    .1880986E+02    .1717732E+02    .1556310E+02    .1402106E+02
    .1260234E+02    .1135295E+02    .1034227E+02    .9606881E+01    .9111894E+01
    .8838524E+01    .8745945E+01    .8768473E+01    .8345215E+01    .7825605E+01
    .7295603E+01    .6768630E+01    .6260790E+01    .5822383E+01    .5417057E+01
    .5043660E+01    .4696946E+01    .4372697E+01    .4067471E+01    .3775910E+01
    .3501374E+01    .3244829E+01    .3007525E+01    .2789790E+01    .2583014E+01
    .2385289E+01    .2203825E+01    .2039257E+01    .1891844E+01    .1761444E+01
    .1647478E+01    .1543194E+01    .1422512E+01    .1311626E+01    .1210908E+01
    .1120582E+01    .1040705E+01    .9711633E+00    .9116567E+00    .8616903E+00
    .8205628E+00    .7873555E+00    .7238197E+00    .6634056E+00    .6066033E+00
    .5535789E+00    .5044638E+00    .4593522E+00    .4182991E+00    .3813176E+00
    .3483775E+00    .3194024E+00    .2942677E+00    .2727986E+00    .2494416E+00
    .2229653E+00    .1990553E+00    .1777336E+00    .1590029E+00    .1428459E+00
    .1292241E+00    .1180771E+00    .1093220E+00    .1028517E+00    .9853488E-01
    .9621474E-01    .9570807E-01    .9680448E-01    .9697191E-01    .8923299E-01
    .8206113E-01    .7545959E-01    .6942836E-01    .6396403E-01    .5905964E-01
    .5470456E-01    .5088437E-01    .4758076E-01    .4477133E-01    .4242954E-01
    .4052454E-01    .3902104E-01    .3787923E-01    .3705459E-01    .3455512E-01
    .3190013E-01    .2941507E-01    .2709983E-01    .2495350E-01    .2297435E-01
    .2115985E-01    .1950662E-01    .1801038E-01    .1666598E-01    .1546733E-01
    .1440738E-01    .1347813E-01    .1267054E-01    .1197460E-01    .1131325E-01
    .1030685E-01    .9375033E-02    .8516896E-02    .7731235E-02    .7016543E-02
    .6371001E-02    .5792470E-02    .5278484E-02    .4826238E-02    .4432585E-02
    .4094028E-02    .3806707E-02    .3566397E-02    .3368498E-02    .3208025E-02
    .2933052E-02    .2643774E-02    .2380601E-02    .2142787E-02    .1929485E-02
    .1739739E-02    .1572489E-02    .1426563E-02    .1300675E-02    .1193428E-02
    .1103305E-02    .1028671E-02    .9677691E-03    .9187193E-03    .8514694E-03
    .7658570E-03    .6882526E-03    .6183302E-03    .5557317E-03    .5000663E-03
    .4509103E-03    .4078059E-03    .3702610E-03    .3377483E-03    .3097050E-03
    .2855320E-03    .2645933E-03    .2342986E-03    .2065530E-03    .1812806E-03
    .1583491E-03    .1376161E-03    .1189285E-03    .1021231E-03    .8702533E-04
    .7345008E-04    .6120093E-04    .4828124E-04    .3612235E-04    .2510162E-04
    .1518218E-04    .6323893E-05   -.1516637E-05   -.8386164E-05   -.1457335E-04
   -.2005537E-04   -.2446089E-04   -.2773056E-04   0.              0.           
   0.              0.              0.              0.              0.           
   0.              0.              0.              0.              0.           
   0.              0.              0.              0.              0.           
1001000030200000    CA48(HE3,HE4)CA47 7/2- 18 MEV SET1 PARAMETERS               
+55.    +00.    +01.6667                                                        
+30+01                                                                          
+00.10  -16.    +02.                                                            
+23.    +03.    +02.    +48.    +20.    +01.14  +00.    +00.    +01.            
-01.    -156.3  +01.20  +00.72  +00.    -41.    +01.40  +00.88  +00.            
+10.94  +04.    +02.    +47.    +20.    +01.458 +00.    +00.    +00.            
-01.    -145.20 +01.458 +00.54  +00.    -23.4   +01.458 +00.54  +00.            
-09.95  +01.    +00.    +47.    +20.    +01.25  +00.    +00.    +00.            
-01.    -01.    +01.25  +00.65  +25.                                            
+00.    +03.    +07.    +01.    +51.                                            
+300.   +00.    +01.    +01.    +00.05     SHEPARD ALPHA-HE3 FORM FACTOR
    -3.03427E+02    -3.02358E+02    -3.00581E+02    -2.98104E+02    -2.94937E+02
    -2.91094E+02    -2.86591E+02    -2.81449E+02    -2.75688E+02    -2.69335E+02
    -2.62416E+02    -2.54962E+02    -2.47006E+02    -2.38583E+02    -2.29729E+02
    -2.20485E+02    -2.10892E+02    -2.00992E+02    -1.90830E+02    -1.80452E+02
    -1.69903E+02    -1.59233E+02    -1.48488E+02    -1.37717E+02    -1.26967E+02
    -1.16287E+02    -1.05724E+02    -9.53236E+01    -8.51303E+01    -7.51873E+01
    -6.55358E+01    -5.62146E+01    -4.72600E+01    -3.87056E+01    -3.05818E+01
    -2.29157E+01    -1.57308E+01    -9.04693E+00    -2.88014E+00     2.75764E+00
     7.85855E+00     1.24188E+01     1.64389E+01     1.99233E+01     2.28805E+01
     2.53232E+01     2.72675E+01     2.87334E+01     2.97441E+01     3.03259E+01
     3.05080E+01     3.03219E+01     2.98012E+01     2.89815E+01     2.78994E+01
     2.65925E+01     2.50989E+01     2.34568E+01     2.17040E+01     1.98774E+01
     1.80129E+01     1.61445E+01     1.43046E+01     1.25230E+01     1.08270E+01
     9.24104E+00     7.78637E+00     6.48096E+00     5.33930E+00     4.37231E+00
     3.58732E+00     2.98803E+00     2.57456E+00     2.34360E+00     2.28850E+00
     2.39948E+00     2.66387E+00     3.06640E+00     3.58946E+00     4.21349E+00
     4.91733E+00     5.67860E+00     6.47413E+00     7.28033E+00     8.07364E+00
     8.83093E+00     9.52988E+00     1.01494E+01     1.06701E+01     1.10742E+01
     1.13465E+01     1.14741E+01     1.14469E+01     1.12576E+01     1.09021E+01
     1.03794E+01     9.69147E+00     8.84369E+00     7.84435E+00     6.70477E+00
     5.43902E+00     4.06376E+00     2.59794E+00     1.06253E+00    -5.19832E-01
    -2.12519E+00    -3.72869E+00    -5.30496E+00    -6.82852E+00    -8.27426E+00
    -9.61780E+00    -1.08360E+01    -1.19071E+01    -1.28116E+01    -1.35321E+01
    -1.40538E+01    -1.43650E+01    -1.44569E+01    -1.43242E+01    -1.39650E+01
    -1.33810E+01    -1.25773E+01    -1.15628E+01    -1.03496E+01    -8.95339E+00
    -7.39268E+00    -5.68903E+00    -3.86650E+00    -1.95141E+00     2.81083E-02
     2.04248E+00     4.06117E+00     6.05309E+00     7.98713E+00     9.83263E+00
     1.15599E+01     1.31405E+01     1.45480E+01     1.57582E+01     1.67497E+01
     1.75040E+01     1.80062E+01     1.82450E+01     1.82127E+01     1.79062E+01
     1.73262E+01     1.64776E+01     1.53697E+01     1.40157E+01     1.24328E+01
     1.06420E+01     8.66756E+00     6.53708E+00     4.28076E+00     1.93115E+00
    -4.77389E-01    -2.90914E+00    -5.32760E+00    -7.69599E+00    -9.97788E+00
    -1.21377E+01    -1.41411E+01    -1.59561E+01    -1.75529E+01    -1.89045E+01
    -1.99877E+01    -2.07828E+01    -2.12744E+01    -2.14512E+01    -2.13069E+01
    -2.08399E+01    -2.00532E+01    -1.89549E+01    -1.75579E+01    -1.58796E+01
    -1.39420E+01    -1.17712E+01    -9.39707E+00    -6.85286E+00    -4.17481E+00
    -1.40154E+00     1.42648E+00     4.26750E+00     7.07914E+00     9.81901E+00
     1.24453E+01     1.49176E+01     1.71973E+01     1.92481E+01     2.10371E+01
     2.25348E+01     2.37158E+01     2.45591E+01     2.50487E+01     2.51737E+01
     2.49284E+01     2.43129E+01     2.33326E+01     2.19984E+01     2.03268E+01
     1.83395E+01     1.60628E+01     1.35280E+01     1.07704E+01     7.82888E+00
     4.74563E+00     1.56524E+00    -1.66582E+00    -4.89983E+00    -8.08864E+00
    -1.11843E+01    -1.41398E+01    -1.69097E+01    -1.94512E+01    -2.17241E+01
    -2.36922E+01    -2.53234E+01    -2.65903E+01    -2.74707E+01    -2.79480E+01
    -2.80114E+01    -2.76563E+01    -2.68842E+01    -2.57028E+01    -2.41261E+01
    -2.21740E+01    -1.98722E+01    -1.72518E+01    -1.43491E+01    -1.12045E+01
    -7.86286E+00    -4.37197E+00    -7.82393E-01     2.85342E+00     6.48191E+00
     1.00492E+01     1.35018E+01     1.67876E+01     1.98565E+01     2.26611E+01
     2.51578E+01     2.73070E+01     2.90740E+01     3.04296E+01     3.13504E+01
     3.18194E+01     3.18259E+01     3.13662E+01     3.04436E+01     2.90681E+01
     2.72566E+01     2.50326E+01     2.24259E+01     1.94721E+01     1.62125E+01
     1.26931E+01     8.96403E+00     5.07901E+00     1.09446E+00    -2.93129E+00
    -6.93887E+00    -1.08688E+01    -1.46621E+01    -1.82617E+01    -2.16128E+01
    -2.46638E+01    -2.73674E+01    -2.96809E+01    -3.15673E+01    -3.29955E+01
    -3.39409E+01    -3.43862E+01    -3.43211E+01    -3.37429E+01    -3.26564E+01
    -3.10742E+01    -2.90162E+01    -2.65093E+01    -2.35876E+01    -2.02913E+01
    -1.66667E+01    -1.27649E+01    -8.64183E+00    -4.35689E+00     2.76763E-02
     4.44773E+00     8.83818E+00     1.31339E+01     1.72708E+01     2.11867E+01
     2.48223E+01     2.81218E+01     3.10345E+01     3.35147E+01     3.55229E+01
     3.70264E+01     3.79997E+01     3.84251E+01     3.82928E+01     3.76011E+01
10110000300000000    CA40(C14,N15)K39  D5/2+, P1/2-  41 MEV
+55.    +00.    +01.00
+50+01
+00.05  -15.    +01.60  +01.60  +00.20  +00.20  +02.    +02.    
+41.00  +14.    +06.    +40.    +19.    -01.27  +00.    +00.    +00.
-01.    -71.26  -01.18  +00.59  +00.    -31.61  -01.16  +00.63  +00.    
+01.879 +15.    +07.    +39.    +19.    -01.27  +00.    +00.    +01.     
-01.    -71.26  -01.18  +00.59  +00.    -31.61  -01.16  +00.63  +00.    
-08.33  +01.    +01.    +39.    +19.    +01.31  +00.    +00.    +00.
-01.    -01.    +01.31  +00.57  +25.
+00.    +02.    +03.    +01.    +50.
-10.21  +01.    +01.    +14.    +06.    +01.31  +00.    +00.    +00.
-01.    -01.    +01.31  +00.57  +25.
+00.    +01.    +01.    +01.    +50.
12000000301000000    CA40(T,P)  0+  10.1 MEV  ZR-TNT BAYMAN CASE a'la DWUCK4
+55.    +00.    +03.3334
+20+01
+00.10  -16.    +01.50  +01.20  +00.30  +00.    +00.    +02.
+10.10  +03.016 +01.    +40.    +20.    +01.24          +00.00  +00.
-01.    -144.   +01.24  +00.678 +00.    -30.    +01.45  +00.841 +00.
+11.35  +01.008 +01.    +42.    +20.    +01.30          +00.00  +00.
+01.    -53.    +01.25  +00.65  +00.    +00.    +01.25  +00.47  +00.
-02.    +00.    +01.25  +00.65  +00.    +62.00  +01.25  +00.47  +00.
+00.    +00.    +00.    +00.
-01.                    +01.
-09.90  +01.008 +00.    +40.    +20.    +01.25
-01.    -01.    +01.25  +00.65  +25.
+01.    +01.    +03.    +01.    +55.
   .0000  0.0000  0.0000  0.0000   .0000
1202000030000000    CA40(T,P)  0+  10.1 MEV  FR-TNT BAYMAN CASE W/TANG-HERNDON  
+55.    +00.    +03.3334                                                        
+20+01                                                                          
+00.10  -16.    +01.50  +01.20  +00.30  +00.    +00.    +02.                    
+10.10  +03.016 +01.    +40.    +20.    +01.24                  +01.            
-01.    -144.   +01.24  +00.678 +00.    -30.    +01.45  +00.841 +00.            
+11.35  +01.008 +01.    +42.    +20.    +01.30                  +01.            
+01.    -53.    +01.25  +00.65  +00.    +00.    +01.25  +00.47  +00.            
-02.    +00.    +01.25  +00.65  +00.    +62.00  +01.25  +00.47  +00.            
+00.    +00.    +00.    +00.    +00.20  +40.                                    
-01.    +05.    +00.    +01.                                                                    
-09.90  +01.008 +00.    +40.    +20.    +01.25                                  
-01.    -01.    +01.25  +00.65  +25.                                            
+01.    +01.    +03.    +01.    +55.                                            
  0.0000  0.0000  0.0000  0.0000
  0.2000  0.2000 40.0000 40.0000        PTFFTHOX             4/24/85  13.48.31
  5.47010906E+03  3.49454557E+03  2.03121121E+03  1.17217199E+03  6.68267756E+02
  3.65048575E+02  1.81600084E+02  6.97630741E+01  7.16954872E+00 -2.25184617E+01
 -3.39375497E+01 -3.53273187E+01 -3.41746502E+01 -3.32080175E+01 -3.18245193E+01
 -2.85173712E+01 -2.22798946E+01 -2.12898311E+01 -2.36614836E+01 -2.17300316E+01
 -1.85163833E+01 -1.61073910E+01 -1.13018862E+01 -5.69929937E+00 -4.10257355E+00
 -5.28211436E+00 -6.69279487E+00 -7.29120935E+00 -7.88321146E+00 -8.96688660E+00
 -9.23538342E+00 -7.44449613E+00 -4.48416321E+00 -2.45272367E+00 -8.69786524E-01
  1.50383453E-01 -3.09327768E-01 -1.58449882E+00 -1.66196694E+00 -4.31911241E-01
  4.79820458E+03  3.24662255E+03  1.94420497E+03  1.12873756E+03  6.44033211E+02
  3.51335018E+02  1.73638187E+02  6.65303927E+01  6.56449072E+00 -2.20914195E+01
 -3.27874327E+01 -3.42760747E+01 -3.29222364E+01 -3.15551872E+01 -2.98627295E+01
 -2.61103220E+01 -2.11475581E+01 -2.02068259E+01 -2.18214600E+01 -2.06282087E+01
 -1.77364246E+01 -1.47912815E+01 -1.03261263E+01 -5.72503293E+00 -4.03384169E+00
 -4.86519371E+00 -6.22985565E+00 -7.06197221E+00 -7.74638501E+00 -8.61532751E+00
 -8.67984874E+00 -7.03565170E+00 -4.52894044E+00 -2.53201660E+00 -1.02287195E+00
 -3.54351253E-02 -3.36363121E-01 -1.34810256E+00 -1.48508182E+00 -4.15417247E-01
  3.89489983E+03  2.85634472E+03  1.79801546E+03  1.05845874E+03  6.04579839E+02
  3.28873403E+02  1.60947871E+02  6.10632069E+01  5.37772048E+00 -2.14470010E+01
 -3.11242420E+01 -3.25482848E+01 -3.09177962E+01 -2.89566728E+01 -2.66251591E+01
 -2.26241418E+01 -1.91628562E+01 -1.83605446E+01 -1.91432109E+01 -1.87489572E+01
 -1.63283416E+01 -1.28640593E+01 -8.92947250E+00 -5.55213366E+00 -3.89496564E+00
 -4.27558639E+00 -5.54550269E+00 -6.65353545E+00 -7.47107241E+00 -8.05354382E+00
 -7.83550054E+00 -6.45893351E+00 -4.51445627E+00 -2.67427939E+00 -1.23639323E+00
 -3.16935132E-01 -3.75899600E-01 -1.02581623E+00 -1.19656728E+00 -3.66515440E-01
  2.97183019E+03  2.36856261E+03  1.59506502E+03  9.63343128E+02  5.51455442E+02
  2.98368651E+02  1.44109782E+02  5.33828511E+01  3.38242463E+00 -2.07327685E+01
 -2.92249866E+01 -3.02347052E+01 -2.82487156E+01 -2.55765120E+01 -2.23279331E+01
 -1.85381733E+01 -1.63313770E+01 -1.57439586E+01 -1.60060652E+01 -1.61141221E+01
 -1.42157633E+01 -1.06276862E+01 -7.33169557E+00 -5.02056602E+00 -3.62437016E+00
 -3.63445990E+00 -4.73743485E+00 -6.06089111E+00 -7.00169152E+00 -7.29681339E+00
 -6.84358064E+00 -5.78690019E+00 -4.39401211E+00 -2.84407411E+00 -1.48399000E+00
 -6.36435367E-01 -4.26906417E-01 -6.92364543E-01 -8.45367944E-01 -3.12411469E-01
  2.16934979E+03  1.85113946E+03  1.34543648E+03  8.45502933E+02  4.86740925E+02
  2.60909244E+02  1.23639521E+02  4.36431614E+01  3.52170344E-01 -2.02199826E+01
 -2.72886679E+01 -2.75254629E+01 -2.50488532E+01 -2.15393688E+01 -1.74141676E+01
 -1.41702848E+01 -1.27962068E+01 -1.24743325E+01 -1.26347160E+01 -1.28573179E+01
 -1.14436791E+01 -8.32468935E+00 -5.68328904E+00 -4.10943549E+00 -3.15243601E+00
 -3.01827327E+00 -3.90862718E+00 -5.29911609E+00 -6.29623246E+00 -6.38417611E+00
 -5.83688402E+00 -5.08181203E+00 -4.16612241E+00 -2.96938206E+00 -1.74736814E+00
 -9.35494568E-01 -4.96011289E-01 -4.07071568E-01 -4.79328862E-01 -2.79477728E-01
  1.53714422E+03  1.37230251E+03  1.07024612E+03  7.08476949E+02  4.12686959E+02
  2.17951947E+02  1.00011239E+02  3.20519984E+01 -3.85422196E+00 -2.02496435E+01
 -2.54555262E+01 -2.46661294E+01 -2.14598931E+01 -1.70074252E+01 -1.24049758E+01
 -9.69574200E+00 -8.80423674E+00 -8.78172880E+00 -9.08265896E+00 -9.20172610E+00
 -8.21949288E+00 -6.06130623E+00 -4.05758096E+00 -2.92931281E+00 -2.44988458E+00
 -2.42839735E+00 -3.14325343E+00 -4.40713120E+00 -5.34845803E+00 -5.38235200E+00
 -4.89520969E+00 -4.40451006E+00 -3.84792813E+00 -2.99099586E+00 -1.98523666E+00
 -1.17677760E+00 -5.79157726E-01 -2.18930661E-01 -1.79297512E-01 -2.67665416E-01
  1.06679691E+03  9.73970325E+02  7.99448597E+02  5.59235334E+02  3.31683161E+02
  1.71165177E+02  7.37758966E+01  1.87987280E+01 -9.27367204E+00 -2.10945938E+01
 -2.38951811E+01 -2.18690682E+01 -1.76201571E+01 -1.22892726E+01 -7.66277942E+00
 -5.27006825E+00 -4.64663909E+00 -4.90541554E+00 -5.36400937E+00 -5.38814671E+00
 -4.85730615E+00 -3.82410633E+00 -2.48010247E+00 -1.64833739E+00 -1.55737292E+00
 -1.81929436E+00 -2.45986309E+00 -3.44723653E+00 -4.21938373E+00 -4.34952348E+00
 -4.06133194E+00 -3.79272483E+00 -3.46426772E+00 -2.89225956E+00 -2.13799520E+00
 -1.35289204E+00 -6.63209515E-01 -1.46114894E-01 -1.83127362E-02 -2.71550107E-01
  7.27240950E+02  6.66615546E+02  5.61009320E+02  4.09283603E+02  2.46905165E+02
  1.22215175E+02  4.56706442E+01  4.06599322E+00 -1.58797559E+01 -2.28753583E+01
 -2.28248995E+01 -1.92588861E+01 -1.37256497E+01 -7.76724338E+00 -3.33910123E+00
 -1.08822832E+00 -5.91170601E-01 -1.03042850E+00 -1.55464189E+00 -1.63885505E+00
 -1.64966164E+00 -1.57614376E+00 -9.47379110E-01 -4.16784926E-01 -5.74509560E-01
 -1.14761537E+00 -1.80979991E+00 -2.48269847E+00 -3.03568105E+00 -3.32750267E+00
 -3.34531025E+00 -3.25216041E+00 -3.04766883E+00 -2.68437918E+00 -2.15911450E+00
 -1.46052387E+00 -7.47335980E-01 -1.92272751E-01 -1.99638670E-02 -2.76915704E-01
  4.85480830E+02  4.40969359E+02  3.70029921E+02  2.72673048E+02  1.63170840E+02
  7.28162212E+01  1.66164248E+01 -1.19018508E+01 -2.35908116E+01 -2.55826608E+01
 -2.24332687E+01 -1.69098248E+01 -1.00573378E+01 -3.74324617E+00  4.98263232E-01
  2.66982896E+00  3.16148569E+00  2.70461636E+00  2.19147688E+00  1.84225739E+00
  1.25048709E+00  6.50503310E-01  5.50168602E-01  6.83997790E-01  3.79607867E-01
 -4.00447487E-01 -1.12254218E+00 -1.56090844E+00 -1.93334247E+00 -2.37179188E+00
 -2.71786561E+00 -2.77140727E+00 -2.62814635E+00 -2.39502503E+00 -2.04335117E+00
 -1.48702566E+00 -8.38260489E-01 -3.43255415E-01 -1.61539478E-01 -2.86163873E-01
  3.14743573E+02  2.80485697E+02  2.27798541E+02  1.60601813E+02  8.69530582E+01
  2.51750269E+01 -1.23641757E+01 -2.87024593E+01 -3.22601823E+01 -2.91543511E+01
 -2.27744936E+01 -1.49424344E+01 -6.91023512E+00 -3.86847241E-01  3.77936657E+00
  5.89828305E+00  6.48105743E+00  6.18040180E+00  5.66821145E+00  4.90254367E+00
  3.82069967E+00  2.75684630E+00  2.00223488E+00  1.64769462E+00  1.21242126E+00
  3.95220334E-01 -3.51908116E-01 -7.11843823E-01 -1.00729151E+00 -1.55004756E+00
 -2.13435641E+00 -2.32917116E+00 -2.22364754E+00 -2.05845102E+00 -1.82015881E+00
 -1.43035759E+00 -9.42346934E-01 -5.64436323E-01 -3.80574087E-01 -3.40213700E-01
  1.95390721E+02  1.68762794E+02  1.27585966E+02  7.72238651E+01  2.46505377E+01
 -1.75924867E+01 -4.00961907E+01 -4.57264354E+01 -4.16685164E+01 -3.35009442E+01
 -2.37635651E+01 -1.35571496E+01 -4.49947985E+00  2.22488952E+00  6.43010617E+00
  8.55988519E+00  9.31012506E+00  9.26628214E+00  8.67016186E+00  7.48567285E+00
  6.06558468E+00  4.64557204E+00  3.36764062E+00  2.50682301E+00  1.89893290E+00
  1.18162736E+00  4.86199354E-01  5.68196828E-02 -2.99506600E-01 -9.06043601E-01
 -1.57606174E+00 -1.89519066E+00 -1.84443850E+00 -1.70739786E+00 -1.53608347E+00
 -1.31158161E+00 -1.04912268E+00 -8.12455101E-01 -6.14794422E-01 -4.67646846E-01
  1.13286969E+02  9.25665955E+01  6.01283557E+01  2.04092204E+01 -2.01851888E+01
 -5.18383849E+01 -6.49717744E+01 -6.21957835E+01 -5.14952102E+01 -3.84660926E+01
 -2.52982459E+01 -1.29411714E+01 -2.94162742E+00  4.06201625E+00  8.40144296E+00
  1.06611192E+01  1.16426078E+01  1.18118434E+01  1.10651438E+01  9.60703597E+00
  7.96510896E+00  6.26014407E+00  4.59234602E+00  3.29077204E+00  2.47821866E+00
  1.89949813E+00  1.31114313E+00  7.45518724E-01  2.01181562E-01 -4.38693645E-01
 -1.06087267E+00 -1.44627466E+00 -1.48934622E+00 -1.36896981E+00 -1.24334651E+00
 -1.17111744E+00 -1.13342247E+00 -1.03639294E+00 -8.38199462E-01 -6.50030660E-01
  5.81917878E+01  4.21093498E+01  1.67231256E+01 -1.49999284E+01 -4.80446148E+01
 -7.48287561E+01 -8.47845136E+01 -7.71568410E+01 -6.12795207E+01 -4.38134385E+01
 -2.73510653E+01 -1.31654555E+01 -2.28304639E+00  5.11996840E+00  9.69623919E+00
  1.22271203E+01  1.34656282E+01  1.37003776E+01  1.28307862E+01  1.12849996E+01
  9.49457940E+00  7.57244011E+00  5.63960238E+00  4.01318662E+00  3.00774637E+00
  2.50902385E+00  2.02375446E+00  1.33192335E+00  5.52476612E-01 -1.09980154E-01
 -6.18245852E-01 -9.92070576E-01 -1.14361946E+00 -1.06438711E+00 -9.88952281E-01
 -1.04642915E+00 -1.17439029E+00 -1.19519252E+00 -1.04193191E+00 -8.40397703E-01
  2.26819781E+01  1.02326906E+01 -9.53995331E+00 -3.46758618E+01 -6.21030110E+01
 -8.62122306E+01 -9.72566755E+01 -8.93444476E+01 -7.04003649E+01 -4.92635651E+01
 -2.99292694E+01 -1.41929374E+01 -2.50235674E+00  5.41767627E+00  1.03654261E+01
  1.32761275E+01  1.47348100E+01  1.49094328E+01  1.40185136E+01  1.25180944E+01
  1.06440141E+01  8.57390884E+00  6.49506972E+00  4.67844976E+00  3.52263899E+00
  2.99323354E+00  2.55030379E+00  1.77400346E+00  8.26044843E-01  1.36492255E-01
 -2.62713807E-01 -5.72503686E-01 -7.95489667E-01 -8.06906269E-01 -8.06329353E-01
 -9.54857398E-01 -1.16692043E+00 -1.27608693E+00 -1.20507151E+00 -9.96138896E-01
  1.36268248E+00 -8.38722878E+00 -2.37472619E+01 -4.35439939E+01 -6.62504316E+01
 -8.79697450E+01 -1.01253261E+02 -9.71425416E+01 -7.80617820E+01 -5.45192094E+01
 -3.29862283E+01 -1.59382503E+01 -3.50544818E+00  5.00930772E+00  1.04767350E+01
  1.38042928E+01  1.54042624E+01  1.55118851E+01  1.47016637E+01  1.33040210E+01
  1.14157371E+01  9.27999943E+00  7.15718932E+00  5.28627748E+00  4.01776267E+00
  3.35560614E+00  2.85633457E+00  2.04522445E+00  1.06584086E+00  3.58286598E-01
  1.14406485E-02 -2.27933645E-01 -4.59210243E-01 -6.00087465E-01 -7.04864209E-01
 -8.95096947E-01 -1.12535385E+00 -1.28829285E+00 -1.29417057E+00 -1.09763282E+00
 -9.86353990E+00 -1.76917889E+01 -2.96399142E+01 -4.53452290E+01 -6.39553465E+01
 -8.30448418E+01 -9.76111897E+01 -9.90644414E+01 -8.32615079E+01 -5.92316371E+01
 -3.63785305E+01 -1.82874200E+01 -5.14971419E+00  3.99694521E+00  1.00806161E+01
  1.37894776E+01  1.54750533E+01  1.56261827E+01  1.49501450E+01  1.36575846E+01
  1.18268990E+01  9.71952040E+00  7.63685752E+00  5.82364237E+00  4.46085702E+00
  3.60460557E+00  2.95179533E+00  2.15434253E+00  1.27549365E+00  5.92111115E-01
  2.25651824E-01  2.51096652E-02 -1.77682997E-01 -4.42448829E-01 -6.65623110E-01
 -8.61527582E-01 -1.07187358E+00 -1.24692901E+00 -1.28860781E+00 -1.13734411E+00
 -1.42611012E+01 -2.05664156E+01 -3.00378918E+01 -4.27094378E+01 -5.78673901E+01
 -7.41634112E+01 -8.85987856E+01 -9.47049435E+01 -8.48563954E+01 -6.29221635E+01
 -3.98673653E+01 -2.10857925E+01 -7.27285946E+00  2.51707775E+00  9.19827443E+00
  1.32186633E+01  1.50198132E+01  1.53562695E+01  1.48229443E+01  1.36233811E+01
  1.19125017E+01  9.92211112E+00  7.95690684E+00  6.25320438E+00  4.82134929E+00
  3.73810584E+00  2.88788113E+00  2.13784350E+00  1.43879849E+00  8.34427424E-01
  4.10225202E-01  1.94930923E-01  1.21379358E-03 -3.35024115E-01 -6.51837353E-01
 -8.52465360E-01 -1.02256724E+00 -1.16186534E+00 -1.20054972E+00 -1.11005891E+00
 -1.43061354E+01 -1.92294024E+01 -2.70444186E+01 -3.74388558E+01 -4.98001730E+01
 -6.34114233E+01 -7.66565644E+01 -8.52365180E+01 -8.19757345E+01 -6.49103768E+01
 -4.31204923E+01 -2.41236366E+01 -9.70588773E+00  6.95893140E-01  7.84558730E+00
  1.21239303E+01  1.41543210E+01  1.47659489E+01  1.43751764E+01  1.32735491E+01
  1.17188968E+01  9.91889473E+00  8.13546799E+00  6.53192997E+00  5.07007775E+00
  3.75781584E+00  2.73314456E+00  2.04376004E+00  1.54109320E+00  1.04905922E+00
  5.87238897E-01  3.00184533E-01  5.91616079E-02 -2.83535131E-01 -6.37026354E-01
 -8.60170044E-01 -9.81111037E-01 -1.04382992E+00 -1.06085957E+00 -1.02683335E+00
 -1.17095656E+01 -1.54904304E+01 -2.21472265E+01 -3.07822819E+01 -4.09213392E+01
 -5.21902431E+01 -6.36538547E+01 -7.27782434E+01 -7.47003791E+01 -6.43729219E+01
 -4.56868052E+01 -2.71337698E+01 -1.22845202E+01 -1.38161474E+00  6.07088498E+00
  1.05999549E+01  1.29842100E+01  1.38940442E+01  1.36641270E+01  1.26871246E+01
  1.13054877E+01  9.74223875E+00  8.16712989E+00  6.64323032E+00  5.16659233E+00
  3.68828207E+00  2.54751512E+00  1.91785258E+00  1.57464555E+00  1.19854201E+00
  7.51970137E-01  3.56181647E-01  2.15343075E-02 -2.90706198E-01 -6.23388736E-01
 -8.66420713E-01 -9.36575286E-01 -9.14830300E-01 -8.98875299E-01 -9.11767924E-01
 -7.66324024E+00 -1.07465707E+01 -1.63709597E+01 -2.36022822E+01 -3.19899812E+01
 -4.13017881E+01 -5.08213437E+01 -5.93448305E+01 -6.42877380E+01 -6.07043655E+01
 -4.69630343E+01 -2.97995362E+01 -1.48609064E+01 -3.65799953E+00  3.97291593E+00
  8.78596011E+00  1.15788975E+01  1.27789267E+01  1.27471702E+01  1.19342441E+01
  1.07408608E+01  9.41856649E+00  8.03482891E+00  6.58950634E+00  5.08472817E+00
  3.56044033E+00  2.37634191E+00  1.79021031E+00  1.53912318E+00  1.26575779E+00
  8.71340137E-01  3.73801247E-01 -5.94410739E-02 -3.51551183E-01 -6.28672808E-01
 -8.52089129E-01 -8.76228201E-01 -7.95507902E-01 -7.43270445E-01 -7.76095321E-01
 -3.10170191E+00 -5.88960677E+00 -1.04525867E+01 -1.64772873E+01 -2.34956609E+01
 -3.11479109E+01 -3.88850557E+01 -4.63326233E+01 -5.25407053E+01 -5.40461607E+01
 -4.62628953E+01 -3.17564620E+01 -1.73009455E+01 -6.06474895E+00  1.69408910E+00
  6.82249688E+00  9.98576092E+00  1.14691852E+01  1.16782044E+01  1.10736233E+01
  1.00842137E+01  8.96606746E+00  7.73669780E+00  6.36598552E+00  4.84534287E+00
  3.38742580E+00  2.24998296E+00  1.67033778E+00  1.44411266E+00  1.25120876E+00
  9.04267941E-01  3.61300282E-01 -1.34543150E-01 -4.49930239E-01 -6.64566014E-01
 -8.08300007E-01 -7.99918644E-01 -6.92194654E-01 -6.16075673E-01 -6.19420947E-01
  1.19941033E+00 -1.33876483E+00 -4.90407745E+00 -9.81704620E+00 -1.57096979E+01
 -2.19417023E+01 -2.81930905E+01 -3.45472303E+01 -4.09830414E+01 -4.54021048E+01
 -4.31237406E+01 -3.25895014E+01 -1.94563253E+01 -8.48864608E+00 -6.07956225E-01
  4.81615170E+00  8.26044783E+00  1.00216164E+01  1.05054076E+01  1.01512885E+01
  9.37171029E+00  8.40256363E+00  7.28678452E+00  5.97138965E+00  4.50027314E+00
  3.17448320E+00  2.16798677E+00  1.55943657E+00  1.30604055E+00  1.15782547E+00
  8.34054535E-01  3.22309802E-01 -1.85636395E-01 -5.54348720E-01 -7.21622012E-01
 -7.48446525E-01 -7.13998186E-01 -6.06311886E-01 -5.14627112E-01 -4.52348738E-01
  4.76179122E+00  2.74816982E+00 -1.21674414E-02 -3.91553317E+00 -8.75827439E+00
 -1.38038468E+01 -1.88701592E+01 -2.43638477E+01 -3.05263117E+01 -3.61085682E+01
 -3.77209717E+01 -3.18857046E+01 -2.11162827E+01 -1.07633605E+01 -2.79819857E+00
  2.83942992E+00  6.47890188E+00  8.49697556E+00  9.27265069E+00  9.19695097E+00
  8.61550835E+00  7.75245663E+00  6.70309293E+00  5.43473142E+00  4.09349374E+00
  2.93912167E+00  2.09242413E+00  1.46101931E+00  1.14197113E+00  9.83584111E-01
  6.80638919E-01  2.55469933E-01 -2.25964617E-01 -6.29754128E-01 -7.68990058E-01
 -7.02671004E-01 -6.26970335E-01 -5.36123693E-01 -4.20061309E-01 -2.93634808E-01
  7.55882014E+00  6.27664793E+00  4.11346878E+00  1.07805742E+00 -2.72649465E+00
 -6.77033278E+00 -1.09531565E+01 -1.58616815E+01 -2.15548844E+01 -2.72311399E+01
 -3.09270124E+01 -2.94310857E+01 -2.19732936E+01 -1.26883796E+01 -4.78250989E+00
  9.53945986E-01  4.72433381E+00  6.96003900E+00  8.02028749E+00  8.22161723E+00
  7.81703190E+00  7.03864539E+00  6.01202718E+00  4.81170675E+00  3.65214668E+00
  2.69892157E+00  1.97827625E+00  1.36968082E+00  9.65307492E-01  7.36317976E-01
  4.81075852E-01  1.53984220E-01 -2.73622646E-01 -6.55113269E-01 -7.78449671E-01
 -6.85728165E-01 -5.58030336E-01 -4.68186520E-01 -3.23891375E-01 -1.51592084E-01
  9.84926995E+00  9.17489268E+00  7.47573863E+00  5.14871754E+00  2.31981170E+00
 -8.29944228E-01 -4.43695161E+00 -8.94359599E+00 -1.41135032E+01 -1.93756176E+01
 -2.38574442E+01 -2.54607843E+01 -2.16728080E+01 -1.40523204E+01 -6.49271867E+00
 -7.76735509E-01  3.07222703E+00  5.47716101E+00  6.78322456E+00  7.22341253E+00
  6.98101270E+00  6.27300445E+00  5.25800764E+00  4.16048057E+00  3.20037713E+00
  2.44752396E+00  1.81009103E+00  1.26022703E+00  7.79860254E-01  4.49941275E-01
  2.61294265E-01  1.36098345E-02 -3.33702819E-01 -6.29354711E-01 -7.45916685E-01
 -6.82535479E-01 -5.25073232E-01 -3.91626902E-01 -2.29366847E-01 -2.83712176E-02
  1.18908818E+01  1.14324218E+01  1.01306498E+01  8.35552230E+00  6.38705189E+00
  4.01021303E+00  7.41087908E-01 -3.43112237E+00 -8.07279672E+00 -1.27956857E+01
 -1.73723362E+01 -2.06450980E+01 -2.00065019E+01 -1.46455429E+01 -7.85470840E+00
 -2.29074835E+00  1.58669384E+00  4.10638269E+00  5.58882580E+00  6.20538142E+00
  6.11234851E+00  5.46603217E+00  4.49449831E+00  3.52730518E+00  2.75998486E+00
  2.16209450E+00  1.59893051E+00  1.10082836E+00  5.80530822E-01  1.76628265E-01
  2.40357874E-02 -1.56665643E-01 -3.96494307E-01 -5.73191021E-01 -6.83992434E-01
 -6.69871593E-01 -5.18423329E-01 -3.18901093E-01 -1.39119936E-01  6.40977745E-02
  1.37489190E+01  1.31316150E+01  1.21305893E+01  1.08073213E+01  9.54447723E+00
  7.72688411E+00  4.70654329E+00  8.76181934E-01 -3.26020557E+00 -7.52982277E+00
 -1.19095603E+01 -1.57438927E+01 -1.71397504E+01 -1.42890172E+01 -8.76604796E+00
 -3.53201407E+00  3.17476087E-01  2.88939903E+00  4.45842230E+00  5.18723334E+00
  5.21282780E+00  4.64054550E+00  3.76557172E+00  2.94661093E+00  2.33810851E+00
  1.83351909E+00  1.35334041E+00  8.75108150E-01  3.63384888E-01 -4.66022387E-02
 -2.30350775E-01 -3.40260638E-01 -4.46200524E-01 -5.19558169E-01 -6.07976204E-01
 -6.33461184E-01 -5.07855150E-01 -2.72151757E-01 -6.16037549E-02  1.09895603E-01
  1.52506460E+01  1.44045960E+01  1.35225324E+01  1.26473550E+01  1.18672397E+01
  1.03487806E+01  7.61476199E+00  4.16843775E+00  4.65133547E-01 -3.48750806E+00
 -7.56337845E+00 -1.12900584E+01 -1.36057623E+01 -1.29324606E+01 -9.09890141E+00
 -4.44440988E+00 -7.04765988E-01  1.84860319E+00  3.41605855E+00  4.19715550E+00
  4.29481512E+00  3.82746142E+00  3.09941830E+00  2.43654729E+00  1.92806176E+00
  1.47783113E+00  1.06593467E+00  5.93235036E-01  1.35340741E-01 -2.28228249E-01
 -4.77118903E-01 -5.20844278E-01 -4.81665748E-01 -4.87814018E-01 -5.34914025E-01
 -5.66844792E-01 -4.73389069E-01 -2.54981757E-01 -2.03211144E-02  1.07617632E-01
  1.62058815E+01  1.52951952E+01  1.44154477E+01  1.39862337E+01  1.34219377E+01
  1.19999011E+01  9.61685200E+00  6.59745829E+00  3.20816663E+00 -5.05636233E-01
 -4.22258883E+00 -7.53173604E+00 -1.00217698E+01 -1.07729751E+01 -8.73953510E+00
 -4.96686313E+00 -1.46734900E+00  9.90509307E-01  2.49195241E+00  3.26197855E+00
  3.39275369E+00  3.05545498E+00  2.51140245E+00  1.99171672E+00  1.52847879E+00
  1.11705140E+00  7.28157562E-01  2.84397141E-01 -9.17390844E-02 -4.06158323E-01
 -6.79507255E-01 -6.79296739E-01 -5.24921768E-01 -4.74487134E-01 -4.76365726E-01
 -4.75244605E-01 -4.15463261E-01 -2.53592667E-01 -3.69778815E-02  6.96477450E-02
  1.65626940E+01  1.57157746E+01  1.49924723E+01  1.48620343E+01  1.42861015E+01
  1.28778631E+01  1.08562727E+01  8.25128171E+00  5.07662860E+00  1.61159723E+00
 -1.69724277E+00 -4.52087313E+00 -6.82247838E+00 -8.22470114E+00 -7.67493085E+00
 -5.03930018E+00 -1.96904673E+00  3.17798724E-01  1.71222028E+00  2.41113697E+00
  2.55461558E+00  2.35107747E+00  2.00173966E+00  1.59151390E+00  1.15101071E+00
  7.58086372E-01  3.55671138E-01 -2.14430878E-02 -3.18243743E-01 -6.01070906E-01
 -8.21337492E-01 -7.98197110E-01 -5.97743072E-01 -4.73111383E-01 -4.26685810E-01
 -3.80285055E-01 -3.46263851E-01 -2.56617088E-01 -1.05061689E-01  5.25327772E-03
  1.62942719E+01  1.56399009E+01  1.53715520E+01  1.52838038E+01  1.45671882E+01
  1.31934718E+01  1.14651043E+01  9.17432987E+00  6.20854675E+00  3.05992486E+00
  1.92550642E-01 -2.20048908E+00 -4.20065402E+00 -5.71955889E+00 -6.07805036E+00
 -4.62872262E+00 -2.20700632E+00 -1.65414131E-01  1.09147680E+00  1.68137981E+00
  1.82572761E+00  1.74155551E+00  1.55417795E+00  1.22028576E+00  8.06386345E-01
  3.98912950E-01 -1.09901259E-02 -3.08467193E-01 -5.54517337E-01 -7.99617055E-01
 -9.14983009E-01 -8.76906118E-01 -6.94910396E-01 -4.87236342E-01 -3.74319119E-01
 -3.05729336E-01 -2.84226298E-01 -2.61795473E-01 -1.92054684E-01 -8.08699785E-02
  1.53642013E+01  1.52268963E+01  1.55057553E+01  1.52855106E+01  1.44048743E+01
  1.31152630E+01  1.15471674E+01  9.43420343E+00  6.75975199E+00  4.00933723E+00
  1.58014589E+00 -4.64787603E-01 -2.17417161E+00 -3.53966573E+00 -4.27110201E+00
 -3.78675708E+00 -2.16614457E+00 -4.57642892E-01  6.36756987E-01  1.10971167E+00
  1.24214703E+00  1.24666889E+00  1.14994789E+00  8.75742934E-01  4.90811701E-01
  5.02951439E-02 -3.32400595E-01 -5.76712594E-01 -8.00395435E-01 -9.75502789E-01
 -9.86907108E-01 -9.33061393E-01 -7.87919654E-01 -5.20358454E-01 -3.25521996E-01
 -2.59830250E-01 -2.48675584E-01 -2.69809240E-01 -2.65956944E-01 -1.74581398E-01
  1.39286132E+01  1.46574462E+01  1.52846449E+01  1.49268716E+01  1.39465226E+01
  1.27414617E+01  1.11823115E+01  9.16596179E+00  6.87545091E+00  4.58937946E+00
  2.55881124E+00  7.98800229E-01 -6.66661871E-01 -1.80031760E+00 -2.57266085E+00
 -2.68558585E+00 -1.84041812E+00 -5.57639212E-01  3.51383585E-01  7.22193675E-01
  8.30096791E-01  8.68786744E-01  7.87751464E-01  5.60120581E-01  1.92225680E-01
 -2.58839335E-01 -5.92288887E-01 -8.30381241E-01 -1.03659688E+00 -1.11416926E+00
 -1.06160625E+00 -9.86023362E-01 -8.50650685E-01 -5.65828233E-01 -3.05848097E-01
 -2.39336105E-01 -2.46913244E-01 -2.81533566E-01 -3.11932476E-01 -2.51205474E-01
  1.24462534E+01  1.39729609E+01  1.46685258E+01  1.42715023E+01  1.33076756E+01
  1.21044391E+01  1.04584057E+01  8.55356997E+00  6.68111754E+00  4.88193090E+00
  3.20201758E+00  1.68862667E+00  4.29689944E-01 -5.05494200E-01 -1.18790185E+00
 -1.55896814E+00 -1.28176757E+00 -4.63959508E-01  2.35710673E-01  5.28240301E-01
  5.99969695E-01  5.99493588E-01  4.85738511E-01  2.72221901E-01 -8.92608866E-02
 -4.99909917E-01 -8.00694006E-01 -1.06339220E+00 -1.23353918E+00 -1.22364693E+00
 -1.14922004E+00 -1.04331869E+00 -8.78524460E-01 -6.12021502E-01 -3.38461920E-01
 -2.44753608E-01 -2.66362576E-01 -2.98956855E-01 -3.30559708E-01 -2.92200210E-01
  1.14239201E+01  1.31273210E+01  1.37165936E+01  1.33882868E+01  1.25287352E+01
  1.12137415E+01  9.49505698E+00  7.77308121E+00  6.28739789E+00  4.93402756E+00
  3.57402024E+00  2.28546711E+00  1.20686463E+00  4.00004709E-01 -1.94778115E-01
 -5.98740133E-01 -6.16769804E-01 -1.94008633E-01  2.87377392E-01  5.19669697E-01
  5.39578084E-01  4.37119439E-01  2.63065564E-01  1.49473093E-02 -3.32591340E-01
 -6.68106382E-01 -9.75175907E-01 -1.25545485E+00 -1.37163609E+00 -1.32407746E+00
 -1.24277772E+00 -1.10035548E+00 -8.87903482E-01 -6.55948948E-01 -4.23810591E-01
 -2.83403534E-01 -2.87210666E-01 -3.19442048E-01 -3.30494582E-01 -2.99039857E-01
  1.10702310E+01  1.21280345E+01  1.25500014E+01  1.23464307E+01  1.15671840E+01
  1.01118591E+01  8.43012939E+00  6.95109958E+00  5.78687436E+00  4.78714125E+00
  3.72681558E+00  2.65636333E+00  1.72641327E+00  9.82985024E-01  4.31342431E-01
  9.52357809E-02  2.59561130E-03  1.90424827E-01  4.94009635E-01  6.71457907E-01
  6.19298026E-01  3.91145564E-01  1.25974581E-01 -1.91505281E-01 -5.09293026E-01
 -7.85655024E-01 -1.11825747E+00 -1.38462358E+00 -1.45662723E+00 -1.42273481E+00
 -1.32931444E+00 -1.14795497E+00 -9.03202139E-01 -7.09166847E-01 -5.38241923E-01
 -3.57942743E-01 -3.03157258E-01 -3.31004798E-01 -3.22945167E-01 -2.89312111E-01
  1.11631441E+01  1.11131158E+01  1.13001241E+01  1.11807980E+01  1.03698733E+01
  8.88787959E+00  7.37934387E+00  6.16247430E+00  5.24799241E+00  4.49571090E+00
  3.70143055E+00  2.84716219E+00  2.02955266E+00  1.30160771E+00  7.69812130E-01
  5.10433593E-01  4.64833076E-01  5.87705550E-01  8.14971181E-01  9.43572591E-01
  8.07498792E-01  4.66503898E-01  7.57668670E-02 -3.12332255E-01 -6.04995352E-01
 -8.77870007E-01 -1.21625133E+00 -1.44354463E+00 -1.50942592E+00 -1.50764612E+00
 -1.39806572E+00 -1.18248905E+00 -9.44789118E-01 -7.86234395E-01 -6.52849415E-01
 -4.56269323E-01 -3.24452571E-01 -3.22465507E-01 -3.15483048E-01 -2.81159828E-01
  1.12234147E+01  1.02776243E+01  1.00797249E+01  9.87565303E+00  8.96163281E+00
  7.64320906E+00  6.41081490E+00  5.44367422E+00  4.71542361E+00  4.12157678E+00
  3.54027333E+00  2.87997894E+00  2.14130451E+00  1.41679059E+00  9.02060855E-01
  6.94797782E-01  7.24964226E-01  8.99913114E-01  1.16772527E+00  1.28261457E+00
  1.08006980E+00  6.48671968E-01  1.24379368E-01 -3.17514883E-01 -6.26897029E-01
 -9.46226160E-01 -1.25529811E+00 -1.44537249E+00 -1.54411466E+00 -1.56283031E+00
 -1.43861237E+00 -1.21378267E+00 -1.02147312E+00 -8.88664378E-01 -7.52393521E-01
 -5.55695939E-01 -3.62627540E-01 -2.99632746E-01 -3.06114690E-01 -2.82228120E-01
  1.09237445E+01  9.69120616E+00  8.96515337E+00  8.41631287E+00  7.46027814E+00
  6.45463662E+00  5.54791623E+00  4.80638436E+00  4.21653433E+00  3.72042269E+00
  3.28412641E+00  2.76624255E+00  2.08216594E+00  1.38737243E+00  8.95641760E-01
  7.16273976E-01  7.95950714E-01  1.07132437E+00  1.44660511E+00  1.62199969E+00
  1.41156083E+00  9.11290889E-01  2.92081875E-01 -2.00854152E-01 -5.88936407E-01
 -9.66402416E-01 -1.23476345E+00 -1.41489170E+00 -1.55789842E+00 -1.57766816E+00
 -1.44765187E+00 -1.25918671E+00 -1.12715705E+00 -1.00333981E+00 -8.36074889E-01
 -6.38107070E-01 -4.17004515E-01 -2.85466341E-01 -2.87680032E-01 -2.88002168E-01
  1.02974735E+01  9.22590250E+00  7.95997980E+00  6.87809240E+00  6.01707192E+00
  5.36529520E+00  4.78342930E+00  4.24826065E+00  3.76469090E+00  3.33466045E+00
  2.96558663E+00  2.51582844E+00  1.88750336E+00  1.25540865E+00  8.07060029E-01
  6.31224657E-01  7.27411821E-01  1.08941229E+00  1.57202625E+00  1.88469803E+00
  1.75811883E+00  1.23552982E+00  5.85768798E-01  1.89705593E-02 -4.91098845E-01
 -9.10424046E-01 -1.16731379E+00 -1.37074901E+00 -1.53778984E+00 -1.54956962E+00
 -1.43782011E+00 -1.32632815E+00 -1.24520120E+00 -1.11134399E+00 -9.08109276E-01
 -6.99999405E-01 -4.77517608E-01 -2.99969520E-01 -2.61712397E-01 -2.85215464E-01
9                   END OF DATA for DWUCK5 test cases

